233
787
282
704
548
193
729
111
924
178
947
882
250
501
602
877
768
683
712
537
760
497
535
618
584
900
556
836
502
497
736
167
161
201
425
853
432
784
197
940
547
605
166
768
887
418
990
521
464
390
546
203
555
498
256
232
329
282
542
970
438
867
641
558
138
895
248
515
627
185
259
237
845
907
289
860
773
647
297
906
859
331
953
957
691
287
270
776
207
837
503
893
815
939
780
857
488
856
748
571
339
837
720
620
499
422
936
207
216
136
444
607
906
460
904
464
743
539
289
541
352
726
439
484
147
112
970
482
636
583
841
239
658
180
471
281
370
187
354
723
580
528
785
793
656
597
368
724
415
816
197
777
627
401
122
463
583
964
310
732
344
518
348
121
657
980
405
721
123
932
754
920
129
927
696
675
808
410
280
954
864
301
505
698
943
520
532
397
551
777
723
370
935
275
163
486
749
663
223
295
285
222
580
458
906
267
793
986
633
730
302
141
963
552
726
236
992
510
654
173
304
906
536
647
857
804
163
543
340
739
707
256
797
750
405
325
512
648
497
443
773
881
644
247
155
173
372
864
650
392
141
574
827
790
986
236
904
584
630
598
618
602
241
338
128
847
470
734
514
707
384
440
797
131
784
472
539
342
870
511
839
885
334
774
129
596
227
795
694
360
402
282
994
790
357
957
589
885
358
805
234
724
791
239
706
763
696
764
954
678
987
857
172
828
931
275
672
429
379
949
583
732
240
325
258
855
764
732
260
735
509
984
424
114
900
543
302
203
876
846
548
403
211
798
405
714
363
518
252
288
399
152
685
743
601
688
186
184
589
329
702
306
629
800
525
592
300
849
754
222
832
262
112
569
328
472
905
462
402
872
383
553
144
923
546
856
851
401
432
137
669
411
230
199
897
855
301
720
823
658
427
838
914
931
839
950
222
304
676
788
683
373
933
994
168
687
521
949
511
629
655
395
486
840
560
246
644
543
570
961
355
121
578
884
221
813
459
514
689
856
821
670
445
848
964
602
348
857
620
277
378
836
210
143
831
429
751
479
865
656
803
416
865
861
422
844
902
369
403
894
335
477
294
297
781
948
164
253
768
888
533
287
825
120
698
632
147
849
824
174
846
702
510
242
692
174
463
189
740
622
598
246
554
312
806
493
621
115
129
404
874
950
676
158
669
504
447
544
478
654
765
779
274
274
172
148
556
770
791
419
639
922
819
438
896
494
428
996
617
757
279
756
129
527
930
318
980
885
118
517
357
307
716
299
912
486
768
478
785
656
835
675
877
777
210
982
652
373
442
612
518
342
954
232
576
433
959
856
922
679
354
361
950
401
440
945
844
897
381
508
208
380
724
885
564
328
616
993
792
816
973
870
212
917
296
588
535
884
136
848
347
553
149
283
235
279
953
892
200
216
238
434
251
781
330
665
651
454
934
327
137
579
271
654
730
390
961
267
590
373
471
769
341
165
881
761
210
129
905
544
589
869
577
847
816
255
137
165
954
625
695
620
827
452
530
217
496
334
534
711
943
732
292
444
724
124
490
473
737
335
939
762
951
698
203
725
445
896
429
483
656
230
424
988
850
686
588
516
427
945
608
501
496
221
853
960
354
982
411
359
520
245
781
266
899
460
976
888
414
586
710
193
570
625
281
455
215
937
531
872
899
289
370
638
366
666
681
669
721
236
900
289
358
401
516
790
467
975
481
221
784
428
271
718
761
825
855
523
154
768
851
518
218
948
869
485
997
810
162
244
295
430
703
756
499
235
977
229
831
566
914
201
394
137
981
606
198
742
936
530
945
849
418
839
539
412
390
884
917
859
590
559
382
967
505
874
638
275
209
618
228
548
948
702
542
178
315
480
686
138
596
572
187
326
704
781
752
326
738
255
651
892
332
366
306
473
817
649
578
464
926
956
160
684
524
322
779
350
968
855
660
799
124
810
529
421
554
773
236
166
895
601
171
355
553
970
654
461
542
738
538
205
970
970
320
345
915
370
559
996
650
334
424
564
631
973
657
692
265
877
288
332
921
122
819
713
532
225
331
957
918
830
304
383
692
817
223
572
923
839
269
186
675
235
184
998
667
153
900
588
684
636
918
142
811
152
205
324
912
236
992
204
383
838
440
139
428
131
656
369
422
386
381
939
119
981
944
540
262
935
876
304
593
405
544
513
499
738
857
157
817
665
861
713
699
438
256
831
536
896
618
445
792
464
996
206
618
910
140
753
383
328
486
170
651
316
154
486
443
642
886
830
688
993
718
844
243
339
741
284
695
751
843
454
822
972
893
160
776
907
910
932
207
121
275
304
278
403
538
654
705
760
474
460
215
507
945
389
541
837
461
916
561
745
635
262
861
795
502
970
757
910
684
584
847
150
447
361
354
422
458
616
888
522
577
726
586
281
124
251
808
805
476
633
966
496
569
704
508
658
526
942
588
453
164
619
796
920
752
230
631
177
349
390
765
909
720
391
391
800
941
411
535
304
896
707
173
177
704
213
141
955
920
637
729
609
224
473
377
608
152
814
612
810
703
878
311
366
441
928
975
764
613
895
212
340
907
667
855
666
213
822
887
846
449
694
926
657
603
909
673
688
697
535
717
878
427
820
595
157
380
325
953
486
421
113
514
709
118
535
473
207
306
476
322
560
671
670
539
586
983
417
665
737
111
633
891
137
923
931
128
739
134
603
169
846
395
857
764
872
916
227
240
960
784
418
505
912
465
264
476
909
929
965
882
689
152
636
404
822
675
567
256
769
137
973
125
797
728
637
752
856
159
942
230
820
246
205
374
114
768
434
553
677
854
313
984
557
865
911
227
402
283
614
375
899
995
892
784
876
778
854
908
751
483
465
674
649
593
444
568
340
226
863
986
355
125
720
905
755
143
974
140
769
582
277
996
318
148
352
604
145
178
661
682
874
810
396
334
804
512
922
410
747
461
256
360
915
874
637
606
958
842
114
151
402
344
332
369
900
265
355
244
670
817
475
202
737
479
338
802
701
979
583
951
412
856
128
735
782
667
882
609
742
932
740
229
784
422
321
908
455
494
285
696
407
629
135
155
555
279
327
974
320
376
485
569
504
599
259
329
130
701
644
120
456
867
814
924
808
352
261
889
577
366
951
157
932
522
425
800
350
299
663
137
964
493
963
838
892
147
228
921
832
985
230
836
403
502
566
648
844
743
284
959
272
440
587
816
674
794
472
917
884
247
739
450
156
626
583
334
390
215
287
675
664
899
994
490
372
610
366
351
479
517
345
242
923
497
316
581
800
316
409
677
477
459
518
458
766
543
785
373
326
651
818
220
179
778
769
687
121
584
615
219
912
592
892
583
649
208
668
643
790
316
981
459
788
934
718
390
300
195
303
861
218
510
405
415
118
763
934
465
408
610
819
507
223
956
345
244
638
410
523
934
255
164
398
194
638
727
855
318
206
598
895
548
203
672
560
151
758
549
839
913
875
791
794
978
485
564
833
153
817
565
567
880
819
263
337
295
464
539
865
134
670
712
581
141
524
503
849
246
316
372
659
218
672
265
911
455
727
522
504
383
687
715
697
253
500
628
283
274
703
853
373
213
214
730
351
670
987
132
661
632
346
376
168
851
256
413
687
688
318
739
538
189
291
331
150
940
528
669
531
389
806
850
543
969
415
187
326
822
574
687
305
254
465
431
731
446
633
598
342
785
628
807
596
851
758
375
680
217
419
373
861
902
254
350
585
530
142
783
468
758
979
686
480
472
668
534
724
927
424
690
424
609
655
499
694
285
326
972
469
804
963
662
455
908
728
830
921
375
125
573
368
203
209
192
826
768
635
202
233
899
401
985
555
679
732
597
581
632
407
862
136
369
887
632
832
825
923
714
678
170
654
437
675
816
186
596
714
979
704
891
570
855
786
212
351
665
206
857
656
936
118
652
233
113
559
864
271
368
454
931
920
170
826
627
604
418
837
900
355
337
409
909
576
688
134
154
256
861
971
935
607
754
868
708
646
742
237
333
694
648
828
983
340
714
264
846
153
282
677
498
617
332
993
475
662
923
447
395
212
367
233
502
656
285
240
844
691
672
240
411
479
780
925
297
744
277
785
522
675
977
541
254
849
245
935
291
343
479
985
949
839
135
565
363
747
150
748
193
958
417
667
203
708
635
693
526
557
416
131
723
345
739
321
752
362
933
340
335
238
298
933
574
854
153
298
967
799
187
909
692
633
218
425
937
269
306
975
243
181
112
561
772
378
310
820
547
873
450
634
806
298
433
472
504
198
605
714
491
526
287
114
261
840
523
266
793
629
441
272
470
729
894
577
351
447
397
984
616
242
909
684
194
615
477
114
677
422
255
181
905
924
837
379
731
290
520
759
764
274
838
132
642
889
133
626
187
570
572
841
178
406
458
168
246
550
608
730
683
872
791
135
757
443
779
474
579
857
289
192
513
761
481
226
735
298
347
948
144
758
313
360
944
131
696
661
357
259
291
266
364
995
736
668
140
717
959
546
905
207
324
162
745
138
201
775
156
300
189
457
580
616
702
735
541
926
571
974
176
523
685
299
428
676
481
441
426
865
217
245
890
932
601
881
210
600
697
463
261
719
181
639
206
756
626
926
584
772
366
817
746
245
696
326
946
387
574
668
657
497
273
267
562
943
416
405
971
582
630
344
664
444
551
189
337
809
561
906
571
346
496
304
777
335
247
321
836
378
125
719
164
775
895
205
399
157
617
383
163
910
728
155
953
144
651
762
957
461
858
380
616
225
644
273
630
344
202
605
523
447
977
549
931
522
202
740
835
254
699
796
758
396
731
197
745
746
349
688
382
739
304
366
267
178
581
965
463
564
438
698
166
406
381
711
438
492
206
807
767
672
768
409
148
142
752
864
215
401
590
261
263
752
995
437
703
273
789
331
676
656
827
514
966
988
902
878
793
956
143
986
225
341
588
870
580
857
974
349
629
608
660
752
909
963
409
637
405
330
319
190
898
788
432
646
307
649
963
332
881
539
255
420
633
306
458
491
535
619
385
385
538
462
741
362
334
995
249
722
964
667
571
152
112
892
506
277
814
953
734
981
801
806
668
139
491
177
788
846
830
841
869
240
265
704
923
579
879
134
560
703
575
549
913
142
557
381
713
552
903
378
833
772
731
253
498
481
784
835
842
440
735
942
575
332
437
598
482
483
139
811
978
247
136
818
902
623
247
468
753
480
852
966
305
344
898
460
348
459
663
470
154
404
660
685
891
819
552
829
246
330
929
798
153
926
173
963
574
692
178
253
740
724
252
358
213
241
894
238
133
416
775
471
636
430
363
307
724
977
443
947
338
302
507
470
788
142
890
918
455
686
609
679
857
311
938
241
618
648
895
602
932
422
502
911
219
186
756
303
501
500
320
658
219
625
375
339
137
964
559
532
599
730
529
173
317
884
723
207
714
725
848
803
191
120
254
931
590
486
750
938
115
885
335
728
602
908
438
583
330
474
536
528
360
242
781
784
696
783
754
891
791
483
809
377
224
179
461
570
808
969
707
280
183
698
733
533
367
154
240
831
434
228
453
771
842
128
851
449
389
964
756
176
361
787
530
792
303
157
864
951
626
304
959
924
753
930
811
138
405
723
709
433
768
642
229
669
166
131
412
213
917
268
303
449
179
765
533
897
911
524
626
725
892
678
129
236
978
629
662
976
463
189
672
300
475
699
518
915
113
409
585
163
242
948
501
903
464
623
800
354
367
239
526
749
554
544
699
693
225
506
550
149
908
181
930
963
609
212
511
633
586
840
855
968
787
458
205
680
914
542
147
386
195
822
173
577
630
507
526
146
925
603
243
874
496
653
999
454
475
688
115
952
258
656
414
714
176
782
336
446
792
294
181
388
303
522
545
251
208
967
607
153
988
344
397
372
841
697
240
297
305
790
150
984
465
315
595
947
413
121
169
717
960
410
539
424
626
783
932
428
677
476
148
330
188
489
214
889
354
417
623
264
896
994
845
481
589
209
311
194
740
252
887
408
395
128
520
262
374
705
716
252
699
417
871
827
469
329
413
913
924
853
370
227
684
335
656
626
453
190
224
670
746
918
504
267
989
953
699
770
898
244
899
333
467
398
196
725
359
740
381
644
700
685
476
706
582
285
173
980
142
868
302
230
236
888
255
837
474
737
800
784
353
355
822
349
353
871
560
287
113
659
753
672
690
727
829
746
665
149
297
508
174
888
165
906
659
150
732
249
484
922
219
560
956
791
763
435
472
504
151
162
861
780
615
987
458
178
760
826
750
749
638
195
172
832
909
998
319
207
873
428
649
971
353
807
855
678
935
829
257
960
195
675
787
330
284
366
513
541
640
162
292
822
359
240
332
627
629
200
569
748
981
152
550
253
728
431
971
350
929
863
746
703
581
357
474
968
390
495
796
865
218
863
604
118
189
212
430
889
583
850
407
815
318
598
170
401
320
757
728
359
679
970
424
476
566
282
511
981
615
454
447
431
326
418
344
280
765
544
417
609
652
923
251
667
608
132
125
780
379
840
537
696
853
943
164
899
583
333
664
217
186
415
399
502
777
540
207
718
766
907
831
427
274
920
763
120
238
137
313
939
292
982
946
441
351
991
707
460
193
357
931
758
386
498
764
796
603
572
722
613
933
907
186
746
407
947
135
321
829
756
353
691
690
602
599
420
979
193
589
492
928
327
144
310
859
928
294
211
278
426
668
496
389
600
961
241
955
491
195
728
415
209
627
957
574
499
700
971
498
292
689
304
169
578
207
728
488
193
746
429
728
505
475
482
881
456
780
354
501
735
485
283
541
836
150
287
983
211
332
812
461
235
601
710
329
525
293
700
264
141
853
656
167
894
164
928
867
217
204
613
829
320
114
360
384
575
230
688
545
461
455
765
863
386
180
367
712
502
886
944
507
595
838
897
823
622
179
811
404
220
244
560
204
206
779
876
665
596
955
694
549
672
539
866
781
675
885
331
896
975
406
583
563
115
471
274
462
895
766
498
294
775
275
731
432
571
580
680
272
382
992
631
625
440
705
759
425
994
645
258
144
749
653
420
393
133
363
699
666
771
265
271
157
413
810
519
871
614
960
946
838
996
715
323
472
981
584
264
489
705
981
713
245
477
394
372
575
176
412
869
257
785
813
790
254
410
949
472
857
446
551
636
438
300
756
534
544
878
231
126
250
737
922
651
966
167
903
558
447
906
462
978
272
497
509
586
764
250
948
741
311
246
800
538
913
879
674
798
424
641
767
993
975
998
443
166
212
202
698
491
633
726
217
241
584
731
915
715
377
803
874
798
742
730
236
895
352
774
966
593
202
243
664
790
781
952
621
220
172
538
116
651
767
800
292
634
913
218
586
713
139
541
943
637
504
688
482
158
661
375
259
604
561
663
144
197
780
946
222
568
461
460
656
835
296
170
482
385
399
639
170
712
598
428
807
420
274
448
507
546
961
567
891
560
513
500
182
762
210
578
292
917
668
501
558
831
400
155
303
578
995
988
775
868
314
451
938
854
118
804
800
729
159
695
842
670
508
188
819
746
564
718
414
908
423
359
247
749
315
326
304
692
894
686
337
150
760
779
334
310
285
710
545
508
729
949
229
607
513
290
460
543
700
345
239
117
382
337
802
840
643
543
428
900
734
598
686
400
842
215
332
852
436
859
529
488
663
528
857
529
469
411
872
112
940
290
789
950
272
596
713
707
746
794
493
133
456
148
658
166
616
763
502
457
236
483
635
991
892
293
835
715
697
782
624
763
671
933
485
910
718
652
512
419
839
940
482
973
821
262
908
225
345
236
920
331
600
877
407
563
152
761
638
323
898
298
306
699
389
438
871
127
121
455
742
509
898
289
618
388
443
792
950
920
288
204
376
619
895
269
266
639
245
958
275
965
571
971
273
143
981
115
892
847
971
951
629
638
567
825
308
423
241
218
509
928
567
617
433
893
221
321
653
165
813
720
647
971
993
447
258
748
406
868
671
430
350
117
331
759
135
245
346
930
782
920
778
136
730
609
519
614
687
772
328
369
774
739
988
765
747
709
637
468
916
682
450
930
582
282
694
706
158
362
986
920
740
477
671
953
511
558
848
603
566
533
950
820
742
115
354
990
476
198
931
820
531
182
214
698
276
282
166
817
175
151
577
756
231
752
763
745
542
927
438
233
301
180
628
301
992
699
694
947
901
149
982
446
315
651
528
387
790
530
179
566
296
841
622
963
239
327
208
173
208
419
166
831
482
713
565
469
401
419
323
307
769
163
848
702
618
564
601
965
344
493
528
663
547
717
921
828
440
246
468
351
505
637
631
543
980
172
773
236
484
203
486
145
525
784
675
978
735
306
303
865
798
312
215
369
421
853
864
425
772
622
505
406
157
120
329
788
467
822
650
379
518
299
786
833
282
692
341
185
318
321
337
477
784
276
669
605
829
300
118
378
949
692
888
903
771
813
719
875
947
490
610
149
962
625
573
261
636
945
188
331
356
154
354
323
507
710
188
207
470
927
632
545
921
411
392
366
776
917
211
273
582
792
528
808
266
562
541
561
597
919
158
612
689
373
491
291
251
562
522
977
129
343
393
466
776
764
374
676
641
367
556
604
540
746
220
440
716
837
487
136
183
287
737
861
923
116
251
272
551
652
211
938
825
560
601
592
125
189
781
599
639
915
953
151
590
799
286
368
485
429
995
715
181
578
977
422
597
966
259
928
400
942
668
658
902
404
619
561
722
205
292
385
669
427
518
850
797
384
180
995
620
594
427
212
543
154
647
423
126
499
699
222
713
356
779
220
284
672
289
972
201
803
507
498
257
137
381
673
213
595
402
750
564
965
963
659
972
396
309
823
698
486
302
389
290
481
354
399
122
333
586
941
891
952
667
473
720
689
449
961
704
357
203
886
633
653
611
240
474
597
272
750
885
928
485
230
475
825
461
369
961
236
952
975
519
535
549
983
874
866
141
551
414
239
993
538
256
957
831
609
399
989
309
698
500
999
363
247
823
164
974
718
957
434
382
646
858
468
456
306
431
905
356
187
330
279
431
927
606
697
929
965
223
442
267
260
363
664
736
486
976
191
278
489
811
870
226
646
140
259
303
243
964
844
267
820
826
961
616
475
410
587
287
361
435
293
468
405
135
701
704
790
188
949
171
173
781
631
769
252
923
852
382
207
306
308
660
317
686
553
747
351
604
166
583
321
175
500
519
144
929
980
523
740
142
255
464
137
256
405
801
263
694
353
246
405
190
197
976
336
723
446
439
379
576
236
314
850
933
302
521
695
735
420
657
736
998
478
987
754
649
739
548
171
185
939
329
812
545
418
864
388
402
828
402
189
915
788
966
903
207
863
151
880
191
557
783
614
801
708
908
849
329
996
976
229
256
889
201
302
274
775
805
320
946
732
891
722
578
999
316
451
937
850
271
990
681
783
613
565
307
978
184
956
506
224
955
444
879
593
221
237
948
132
162
486
301
433
336
702
267
939
397
478
507
788
490
167
291
373
367
853
803
746
520
394
623
809
238
783
412
350
174
318
204
824
594
349
451
314
682
586
645
205
810
603
417
832
164
674
945
567
343
886
277
731
351
857
641
860
945
284
134
197
453
168
619
176
342
966
348
212
197
933
841
135
313
779
390
267
371
245
120
239
681
601
868
916
283
540
656
619
822
625
434
435
871
426
923
590
683
202
323
807
331
722
594
924
923
886
480
797
421
269
594
381
231
260
389
856
994
325
879
826
501
238
852
621
159
344
322
665
454
991
899
777
347
498
663
285
601
742
417
589
617
721
827
482
809
711
181
600
556
450
519
570
732
718
969
452
851
148
378
770
821
826
119
648
785
630
895
788
668
382
821
183
523
408
763
218
304
788
217
872
980
724
886
321
463
876
313
772
324
818
227
735
157
433
617
580
285
806
153
621
494
187
863
998
922
530
907
306
223
248
324
491
246
268
612
670
230
269
390
266
280
726
146
410
577
341
996
806
403
532
620
427
168
711
624
679
121
146
381
313
691
542
446
263
842
336
512
130
646
389
419
982
120
900
694
513
699
161
885
295
618
629
626
490
496
123
973
268
527
148
543
467
183
901
773
738
590
739
540
954
770
323
561
654
686
963
713
726
965
146
631
646
311
148
376
916
618
652
256
720
854
773
958
910
170
346
320
671
848
628
290
375
378
441
287
864
985
998
821
196
189
761
266
206
630
942
528
375
614
679
359
272
846
125
691
307
902
378
218
529
225
155
524
236
233
265
557
263
338
415
804
565
509
811
985
739
581
570
600
779
545
927
347
917
508
857
586
475
979
308
409
897
513
469
943
746
251
774
632
996
276
173
812
285
531
492
633
670
224
900
911
874
760
524
314
589
609
204
189
556
833
896
215
205
723
414
134
600
575
409
214
405
315
957
305
135
243
264
588
752
865
768
230
830
429
615
871
550
569
419
187
425
427
854
635
689
132
864
917
516
781
728
221
985
655
833
438
442
894
230
906
917
460
474
333
354
720
589
386
359
768
613
447
657
239
372
366
279
347
645
734
605
476
572
283
243
702
393
167
170
291
455
754
114
386
321
829
895
453
310
493
440
936
133
420
165
408
713
752
139
855
673
913
516
289
693
553
451
185
940
502
215
700
785
567
966
935
383
353
841
329
312
931
220
742
296
455
923
151
456
531
556
983
421
133
363
786
558
354
310
833
354
861
928
118
297
231
432
441
630
491
963
868
639
753
226
671
591
274
515
133
870
922
867
434
586
691
861
330
470
476
779
436
652
280
168
321
823
257
522
547
750
863
792
962
900
474
433
884
973
798
946
939
326
953
960
844
382
898
737
150
284
434
127
644
114
538
369
279
340
734
422
622
378
230
343
305
409
248
681
426
218
940
500
706
454
957
756
940
138
333
836
702
184
471
653
584
727
540
969
391
291
219
380
663
423
613
831
128
675
187
560
348
307
632
702
868
182
562
410
969
404
565
308
525
372
258
761
343
994
938
685
928
760
732
636
754
577
806
695
955
189
646
689
673
365
206
509
685
456
277
727
495
439
857
154
293
780
170
525
799
852
398
252
267
189
589
263
158
404
414
584
213
688
719
321
326
827
218
845
694
419
600
737
142
193
129
401
376
517
373
743
409
792
243
285
534
809
415
449
199
954
951
570
270
820
743
674
421
628
570
184
214
576
244
839
386
773
837
817
762
693
769
953
990
537
316
149
275
161
805
320
758
639
409
936
334
344
284
715
151
923
585
407
504
353
870
557
473
427
999
253
817
912
630
255
286
794
402
345
286
834
866
795
619
281
589
446
754
863
843
988
349
220
759
752
398
176
363
356
508
239
352
883
996
634
545
773
225
220
169
655
280
607
293
180
846
232
624
193
664
149
313
275
952
470
718
776
228
340
829
573
380
868
359
441
679
571
854
838
564
836
980
750
360
899
616
212
583
377
937
731
708
517
806
759
154
805
358
682
242
266
645
269
231
690
834
341
191
301
489
453
507
178
285
175
493
204
265
569
350
670
819
160
339
156
621
887
504
301
207
367
536
204
421
917
683
190
363
580
681
258
443
471
762
304
743
165
521
911
535
986
493
206
156
687
921
568
373
283
986
561
209
600
463
801
115
499
811
979
625
190
938
711
815
560
756
354
349
154
781
320
161
122
989
715
175
838
301
183
773
436
278
924
277
514
187
185
641
393
257
503
801
635
505
788
383
544
774
212
342
139
530
700
384
265
393
914
510
575
133
801
710
191
298
311
400
573
366
555
771
794
373
434
944
385
214
662
356
476
491
990
751
814
631
678
890
961
804
303
845
674
511
676
489
546
818
555
204
808
445
306
315
888
383
132
807
557
905
667
894
352
923
418
316
192
655
542
896
816
137
436
848
829
623
985
796
127
747
609
702
852
201
960
371
134
869
490
318
420
641
232
144
373
231
149
695
485
627
298
630
390
929
514
397
823
374
875
880
309
323
338
725
583
898
570
506
317
114
747
273
513
260
977
624
592
934
246
680
998
913
993
367
277
301
912
731
293
643
895
482
342
199
168
441
762
947
601
691
538
331
439
194
256
385
972
935
700
975
873
860
803
507
204
344
875
810
473
390
592
270
544
729
559
311
873
736
411
997
649
950
361
364
800
438
911
184
869
722
278
228
353
853
277
792
705
664
853
729
188
864
653
985
500
984
328
802
904
496
392
687
264
472
768
330
883
663
878
982
874
422
155
508
909
141
409
119
891
888
651
531
916
940
481
289
718
992
431
138
881
576
726
957
159
870
674
999
250
660
141
790
286
961
141
136
556
534
830
412
357
816
576
314
167
786
510
847
639
837
405
528
560
728
698
326
722
410
709
354
381
671
615
113
564
735
895
641
468
278
933
448
769
755
750
494
488
626
249
823
828
873
183
444
175
971
308
932
670
735
254
445
884
584
871
856
214
703
428
204
940
427
167
448
830
724
428
832
621
562
259
560
149
302
917
388
863
162
148
993
198
657
880
579
447
338
424
119
608
313
283
946
881
933
816
760
664
930
174
545
141
492
787
332
706
997
686
724
247
171
206
568
553
869
725
781
393
542
951
330
662
394
839
814
990
909
690
576
930
275
827
660
630
170
264
513
553
585
877
333
904
242
173
529
866
891
925
990
209
556
356
781
206
529
394
934
651
920
281
114
396
560
340
665
418
363
936
731
831
333
400
553
682
903
851
830
580
319
880
185
879
926
452
724
190
484
944
201
155
228
349
840
159
838
713
474
674
771
530
889
828
989
918
121
826
785
648
630
631
489
404
807
623
691
699
288
687
683
248
704
770
489
809
152
203
513
603
308
679
949
642
940
324
727
792
902
278
157
721
403
646
259
624
874
439
396
773
946
131
191
141
324
746
593
937
150
373
114
818
279
616
594
844
548
841
928
223
596
779
657
952
132
770
877
521
796
982
552
818
879
394
392
272
213
280
458
964
942
531
527
817
411
930
440
926
604
914
917
580
328
672
917
518
229
702
393
671
195
762
682
496
879
692
366
408
630
401
473
857
414
748
793
419
851
318
822
412
496
443
711
837
365
546
732
380
643
139
551
153
581
829
862
129
964
683
896
588
872
220
714
647
820
941
539
519
507
610
501
743
672
829
895
722
909
156
386
415
507
706
464
645
165
860
954
511
390
911
466
300
186
215
808
438
567
281
877
379
451
828
297
642
251
907
830
991
493
681
506
357
158
356
849
413
343
791
874
234
647
902
354
524
853
902
419
703
245
693
903
352
536
781
619
806
985
771
568
837
819
719
207
824
606
510
583
948
298
627
524
682
861
680
331
440
337
186
900
619
950
416
917
483
723
990
970
624
965
553
453
551
728
583
834
248
605
247
197
971
777
260
360
370
197
388
949
662
314
191
782
990
865
312
910
316
705
322
340
631
344
822
532
702
755
189
971
533
438
735
592
246
622
277
504
162
944
304
369
479
488
418
776
325
361
753
813
183
667
902
535
748
379
751
937
593
710
243
820
148
523
640
711
703
512
497
332
936
264
514
889
690
650
265
477
421
995
952
515
692
903
625
208
381
779
247
715
406
446
260
594
337
463
659
233
841
312
112
948
812
527
228
738
922
260
846
563
470
810
618
889
270
182
145
805
718
814
621
445
488
574
965
824
600
420
280
762
607
199
674
899
467
124
620
940
673
769
695
394
334
890
808
301
452
613
286
222
805
494
898
121
505
320
862
475
756
243
584
992
518
860
300
689
681
631
132
846
366
641
589
696
851
540
116
794
289
877
433
128
468
758
432
426
121
994
958
443
840
970
719
977
510
303
590
266
185
616
420
588
449
452
401
535
729
311
852
457
414
944
767
926
940
464
569
244
956
820
131
702
818
621
911
832
600
288
770
403
466
115
758
488
688
897
923
290
881
888
588
314
129
246
211
597
955
664
493
961
231
311
277
256
412
237
349
708
296
792
957
806
386
194
710
574
820
884
622
114
756
804
957
989
815
855
148
356
372
805
119
427
928
883
334
339
195
683
144
536
238
551
835
873
378
531
480
901
738
669
408
169
612
515
138
372
962
928
329
481
738
291
509
128
645
866
873
117
972
900
821
237
435
570
307
261
340
334
698
371
278
491
452
798
803
537
733
723
803
244
302
542
548
147
262
882
679
758
560
591
814
619
602
844
494
114
566
371
324
888
123
825
186
351
932
626
141
517
444
211
531
952
969
155
531
194
157
389
521
356
730
254
335
436
477
230
479
755
117
186
647
591
540
643
762
298
978
220
198
168
761
441
298
675
303
705
210
732
867
612
429
159
631
741
390
786
495
625
149
295
508
280
748
555
961
809
584
398
380
162
228
910
199
525
392
390
150
614
329
183
998
347
529
507
872
946
949
270
329
670
528
328
915
954
511
945
643
755
140
911
654
922
733
560
729
581
384
316
938
309
942
518
591
484
809
586
458
517
679
741
694
230
943
595
604
310
883
732
706
994
329
575
822
605
277
834
698
197
207
260
512
960
189
754
985
114
759
496
149
405
937
783
300
560
203
759
992
281
116
361
178
177
895
866
576
902
971
858
397
951
378
909
529
550
580
992
899
308
471
481
804
989
614
460
531
940
705
390
207
304
729
195
538
752
311
325
245
314
157
389
534
990
554
460
221
339
403
775
435
991
584
534
803
784
270
943
344
610
559
879
837
162
183
877
365
732
618
401
975
142
376
790
940
858
241
442
910
374
375
892
512
497
422
565
400
861
769
962
392
329
563
834
146
356
609
259
963
997
563
769
641
500
959
892
672
900
911
722
896
581
228
193
451
474
386
980
612
201
297
620
938
395
874
827
349
735
947
176
958
684
820
573
898
645
795
717
792
314
650
127
195
464
137
456
541
897
654
877
367
692
543
501
228
637
537
793
481
142
378
685
189
552
518
918
409
387
574
745
550
724
134
464
363
745
252
812
715
235
601
891
384
273
333
808
509
135
792
490
431
586
924
383
643
179
244
236
475
356
877
181
500
680
772
684
372
664
564
857
987
412
675
714
429
592
219
220
547
197
120
812
125
975
158
131
850
592
483
144
714
143
302
770
754
999
386
539
169
769
461
790
341
962
980
183
929
856
919
632
118
856
585
311
799
898
483
886
897
585
145
665
273
394
800
441
115
254
241
843
405
146
377
942
999
596
552
409
224
374
742
134
317
983
121
536
715
723
188
413
902
119
859
490
819
753
507
715
784
952
181
653
825
364
863
184
145
626
250
812
274
160
933
303
380
860
681
996
795
365
190
420
225
596
467
305
644
607
218
735
829
489
825
682
402
525
846
562
311
419
179
467
848
366
784
284
709
384
624
935
993
412
574
241
186
661
975
433
288
202
149
238
903
637
897
777
832
379
761
548
495
290
396
416
324
725
346
419
242
414
719
798
645
426
672
333
883
785
162
291
509
407
262
439
858
680
416
638
860
363
427
256
838
966
395
364
826
261
930
133
635
673
156
636
856
789
638
646
373
946
997
380
367
277
390
613
549
811
678
989
529
794
990
455
765
718
749
490
528
164
693
709
936
911
788
625
483
815
360
591
229
883
330
835
139
435
185
633
475
414
201
237
960
731
697
140
600
725
745
217
647
498
147
346
240
576
456
372
437
829
990
547
741
164
873
699
379
662
668
385
679
428
401
784
305
444
529
714
319
939
161
597
336
854
689
353
559
444
794
519
157
207
204
127
912
830
340
516
424
815
505
791
748
690
465
221
242
964
255
968
463
900
459
224
778
463
511
930
860
595
326
908
854
284
546
537
234
281
969
195
947
399
679
599
258
530
236
709
666
855
731
881
326
712
294
914
208
341
700
567
204
289
120
477
150
925
504
897
114
372
459
313
720
744
296
112
155
865
685
898
213
720
896
421
963
403
772
738
142
161
864
941
388
822
903
866
852
170
432
506
709
395
272
140
823
543
889
828
962
125
451
666
316
153
454
189
948
283
367
903
345
897
709
557
184
800
142
336
558
957
695
609
542
790
210
843
278
740
291
141
127
791
857
926
242
469
984
253
590
326
878
532
255
184
813
614
118
227
314
852
216
465
183
848
234
643
185
660
918
302
798
960
534
167
126
532
152
674
622
739
714
346
184
274
622
606
567
693
113
972
653
501
323
238
349
979
675
204
364
400
386
338
351
232
270
263
761
150
306
639
636
576
277
400
470
500
903
433
895
704
453
374
520
733
247
995
535
280
780
136
554
227
513
257
501
875
224
807
692
641
681
443
369
897
734
372
499
290
122
796
578
299
704
999
799
666
424
603
196
334
291
261
938
443
603
430
921
903
203
371
482
461
230
355
291
831
733
948
362
270
789
963
309
988
125
463
247
702
992
361
875
232
436
137
622
484
132
630
970
455
144
961
122
408
586
990
578
213
398
141
644
193
606
941
930
644
191
694
999
248
692
987
647
931
848
342
850
510
348
164
533
365
124
838
867
734
795
247
344
434
553
411
692
788
859
666
654
737
520
707
162
140
682
489
699
913
692
465
961
488
235
772
453
880
203
399
397
767
674
228
981
682
578
697
758
374
902
652
300
906
707
968
160
343
564
833
329
728
512
650
751
867
167
994
276
847
333
220
164
262
764
982
125
457
830
467
428
708
907
157
396
426
197
923
370
386
674
326
477
647
826
474
702
118
995
297
609
903
988
853
997
761
593
345
455
716
771
715
137
491
997
631
359
946
695
494
368
456
914
960
694
990
293
319
948
323
424
464
959
675
614
275
600
197
172
334
988
612
589
619
374
182
169
469
863
356
345
716
866
670
921
663
885
272
608
487
891
180
423
736
266
633
475
445
335
500
875
239
707
846
450
984
191
575
341
293
223
934
371
206
296
921
998
585
179
421
178
853
501
626
517
868
139
618
481
610
941
547
304
979
528
217
178
881
702
953
989
355
674
939
959
863
641
152
284
769
516
900
720
203
826
856
785
470
994
914
779
743
536
467
997
263
416
575
701
576
775
496
761
606
769
240
928
796
961
164
917
145
371
584
447
855
308
747
684
953
292
858
347
828
863
525
668
294
894
524
587
443
721
639
400
288
783
247
653
251
173
543
547
586
867
369
261
171
500
160
301
377
609
160
298
363
454
111
217
175
767
254
481
967
249
389
877
968
974
912
125
279
989
455
973
893
471
235
523
118
518
266
295
201
161
381
837
280
360
388
708
915
684
961
352
160
876
865
808
396
615
881
535
902
377
558
506
319
544
892
877
607
911
991
359
963
677
804
513
230
195
332
922
691
434
735
297
882
392
845
339
741
948
491
813
823
304
704
999
494
334
418
502
984
466
949
496
847
654
679
459
935
703
878
112
995
465
429
352
212
964
276
991
355
294
506
518
697
442
417
518
758
685
559
565
934
186
915
944
675
620
550
594
430
829
129
416
313
896
897
181
917
752
609
487
298
334
417
354
829
488
281
330
881
766
531
115
795
572
607
955
347
766
900
727
392
902
271
297
824
450
548
273
421
863
987
223
836
693
252
456
262
976
481
954
302
983
203
598
822
142
966
279
112
113
112
524
825
657
652
366
549
483
587
814
880
338
571
278
342
305
730
947
188
945
776
473
200
113
500
574
755
652
115
807
787
800
532
831
773
248
722
456
367
681
735
361
489
468
980
765
294
277
160
657
860
287
458
572
242
702
899
678
377
658
925
483
205
420
136
734
413
585
413
384
533
576
819
516
482
998
820
559
715
917
543
135
606
612
869
872
919
951
576
507
627
748
405
186
677
162
140
645
463
857
277
281
239
500
934
410
310
664
709
933
783
920
352
954
889
393
997
972
305
365
601
675
367
216
768
213
687
543
782
562
703
357
317
693
726
408
990
447
124
247
458
335
795
880
703
631
596
728
792
971
424
770
655
308
803
923
343
786
717
528
717
495
687
581
396
280
807
865
782
982
843
740
277
242
771
619
453
532
314
519
405
130
413
339
674
971
270
319
269
615
942
359
705
509
764
931
826
902
533
718
955
150
904
897
582
286
490
159
115
950
194
212
652
489
579
477
115
658
276
512
842
660
459
922
277
487
949
455
241
148
842
201
228
380
261
235
684
931
189
839
197
969
241
944
541
573
362
867
598
700
507
593
181
248
476
273
979
993
367
298
365
208
270
630
927
445
819
570
261
950
468
405
448
151
612
909
189
254
915
271
998
245
708
417
397
891
207
304
432
928
198
196
688
610
150
122
787
730
396
347
612
242
838
152
298
135
739
500
288
274
186
759
932
444
915
574
562
380
141
597
301
470
313
621
262
538
834
733
320
681
756
800
133
159
466
429
130
339
121
336
329
156
496
205
585
140
784
914
874
687
580
317
370
184
722
405
412
488
625
875
758
389
766
357
622
221
215
194
878
215
458
791
683
327
527
464
741
589
168
493
949
451
788
329
258
979
432
435
788
208
859
260
334
906
128
783
894
277
455
459
377
759
975
404
549
895
900
919
374
811
841
282
369
695
785
507
346
311
429
810
211
353
705
669
490
969
952
117
186
750
807
378
494
301
482
499
173
679
142
956
939
306
307
489
147
681
756
246
126
573
602
872
394
432
833
434
932
185
287
389
173
309
256
972
750
556
818
940
985
452
934
364
763
922
483
826
301
707
340
319
195
675
717
177
461
183
840
309
920
648
727
800
737
676
499
336
486
713
247
280
686
500
251
278
376
353
928
333
294
163
968
697
751
581
370
663
329
943
260
466
307
859
904
700
654
980
416
700
822
860
580
129
199
850
364
764
368
389
416
978
377
291
139
763
333
597
689
427
557
734
804
143
833
357
822
257
695
749
799
339
137
119
367
847
779
904
429
592
319
807
551
248
548
202
914
994
957
840
480
768
212
413
121
152
949
460
566
764
269
670
741
119
700
623
328
493
833
993
410
512
636
818
161
855
731
716
269
906
645
596
393
866
506
556
388
802
574
460
519
547
327
988
761
443
117
987
274
228
839
210
469
857
807
953
697
499
264
674
592
288
221
835
562
341
824
838
321
969
723
183
616
511
442
520
453
745
681
690
846
949
147
933
520
520
646
292
152
476
894
527
775
708
305
673
395
735
492
869
373
835
364
986
173
309
650
665
264
313
702
594
968
847
582
922
884
159
781
543
787
735
916
847
314
728
161
870
264
979
672
165
386
453
194
728
773
431
499
359
952
367
628
202
265
274
175
296
285
406
883
537
534
364
268
496
111
558
534
649
592
656
419
768
989
251
119
929
751
836
414
835
253
275
675
391
975
412
768
853
192
959
192
251
839
747
895
744
948
770
245
421
247
338
804
880
882
912
796
216
195
364
342
147
388
667
466
221
194
947
580
783
826
997
364
464
894
278
846
913
129
305
853
586
696
192
783
700
857
946
118
489
813
298
409
503
346
111
839
735
681
404
560
790
167
196
212
602
853
951
649
296
338
826
767
727
277
643
318
336
700
197
576
300
485
692
475
392
126
355
444
632
532
984
214
288
359
166
604
888
456
447
385
921
295
591
475
688
930
315
656
178
800
570
294
946
974
839
938
528
597
777
595
901
136
752
740
402
840
873
443
375
930
707
316
232
883
465
828
951
897
779
143
236
185
416
674
465
536
882
275
537
320
765
264
882
143
545
438
311
718
728
996
808
362
756
898
274
721
467
232
791
967
896
410
151
558
457
600
823
751
216
599
373
438
801
611
817
304
568
522
511
680
773
797
258
248
344
948
120
177
931
562
544
256
886
809
747
352
196
411
693
384
739
747
688
262
771
652
910
960
313
899
842
339
838
811
387
642
362
885
703
312
235
719
877
673
534
565
925
113
481
615
304
173
855
412
651
698
488
742
916
389
429
433
522
449
521
854
266
420
326
544
160
148
687
373
871
580
926
957
795
942
496
941
658
633
827
339
498
573
917
405
810
201
149
924
740
464
774
396
647
214
922
788
515
348
984
814
338
396
932
552
845
689
742
464
763
927
281
580
242
460
234
990
977
843
885
326
268
609
675
844
177
541
477
557
745
233
644
884
964
652
718
440
801
512
721
460
878
782
420
124
846
434
799
581
169
320
154
529
228
112
447
943
393
411
287
463
328
337
894
313
750
893
252
619
849
768
747
393
609
828
195
865
848
305
765
711
832
888
666
397
588
846
893
995
763
596
135
769
237
681
759
820
910
768
355
968
210
940
264
699
658
418
800
262
731
174
245
284
366
446
143
992
408
494
273
527
754
448
568
663
487
945
643
326
498
289
259
757
296
991
223
714
821
900
880
355
733
996
276
241
776
229
959
687
652
515
194
743
226
868
459
357
982
149
848
398
241
275
244
131
354
573
602
572
869
656
965
953
366
758
146
142
575
517
842
544
859
306
555
872
217
616
826
166
526
269
785
910
449
974
312
406
607
135
591
864
573
812
450
980
242
407
500
610
517
841
488
466
663
469
740
712
365
412
328
524
836
634
209
625
116
151
120
422
639
598
916
602
535
302
695
881
824
411
295
672
423
342
631
157
251
889
379
645
938
972
747
585
686
355
687
347
999
340
426
312
462
790
428
497
195
643
362
296
248
217
518
615
517
164
736
283
292
844
781
734
636
113
297
569
143
355
589
609
259
366
683
597
365
251
913
730
341
314
535
820
119
954
832
131
624
394
928
229
601
186
725
271
576
519
468
566
560
948
616
599
592
666
779
493
992
890
174
169
525
935
635
595
310
357
499
944
153
728
983
911
957
578
191
769
371
448
389
153
483
916
860
901
967
392
801
528
356
198
275
343
653
584
255
273
250
797
995
616
583
849
911
254
855
872
728
345
132
915
667
823
211
271
144
583
603
259
155
581
407
989
361
207
791
792
530
157
592
389
473
257
669
982
381
265
256
423
147
329
558
848
744
251
836
886
784
385
422
583
739
428
750
608
740
188
217
684
356
703
553
496
140
322
619
360
872
809
178
489
406
786
641
246
814
751
522
631
245
663
433
428
684
334
384
317
702
385
771
314
263
725
885
450
230
849
636
668
404
117
394
428
131
681
587
373
644
941
599
704
398
913
812
382
695
145
366
957
254
663
795
369
543
219
613
412
497
757
988
530
184
871
126
487
667
628
811
269
540
823
870
859
834
351
760
933
492
784
967
385
586
504
447
412
847
932
769
414
336
581
831
204
234
425
303
237
113
581
595
561
328
295
636
285
152
292
879
149
222
538
139
947
157
265
775
391
157
689
826
710
568
576
209
439
151
483
911
667
162
756
928
914
321
445
652
782
169
879
675
370
377
991
225
801
384
753
540
118
603
754
222
592
229
158
918
590
210
912
772
695
467
325
567
922
733
876
665
817
231
392
561
775
734
539
913
233
933
926
992
490
476
424
526
189
932
931
844
341
490
430
227
628
785
658
336
581
208
964
199
753
641
418
588
335
998
841
616
137
408
821
154
911
703
184
614
302
966
253
223
137
829
467
551
435
448
839
967
176
164
660
668
739
128
859
645
336
366
587
754
686
840
744
954
442
308
613
986
192
145
674
118
531
671
505
561
353
733
809
628
291
212
836
616
311
836
204
264
580
437
425
897
414
294
900
344
319
826
680
147
711
170
783
369
237
922
534
301
650
120
491
227
181
588
644
345
970
185
835
640
732
285
246
444
112
291
590
843
242
601
168
621
801
834
634
813
700
601
351
609
423
672
285
775
670
782
540
274
705
400
201
219
527
124
644
645
645
619
258
914
777
780
411
378
546
719
625
514
589
947
222
451
377
917
457
752
480
774
622
494
978
980
653
960
469
316
515
710
135
873
719
724
276
348
896
881
833
736
969
717
325
350
269
127
767
280
529
299
459
370
309
264
776
534
116
902
994
779
113
854
773
553
718
327
154
524
774
603
615
375
902
901
674
573
453
658
707
194
454
167
318
496
853
791
421
157
758
280
425
562
112
607
113
350
319
907
911
929
570
701
667
756
220
969
368
884
521
808
807
638
243
214
748
638
879
447
152
836
306
193
258
382
269
952
365
374
421
944
715
964
371
612
379
367
574
629
477
282
447
883
356
190
498
628
692
504
661
207
710
758
741
199
251
980
315
871
729
707
874
662
622
671
386
465
139
619
589
262
584
713
138
811
493
545
755
812
159
304
197
890
738
505
937
331
340
270
705
141
708
522
712
138
837
870
999
595
878
598
583
679
925
237
165
914
794
455
297
226
921
828
940
953
864
160
412
314
769
269
959
289
916
606
551
769
243
892
256
378
456
519
126
640
559
229
480
182
296
380
843
414
283
173
319
201
114
416
865
973
738
124
335
399
211
425
610
631
448
816
805
774
378
523
830
950
642
215
611
429
787
230
814
992
704
619
700
227
244
216
204
217
339
921
407
271
370
365
990
775
562
633
273
222
927
488
605
141
707
181
921
515
946
299
748
209
755
281
612
879
228
543
228
228
282
432
524
540
968
493
116
123
421
245
169
489
610
522
556
156
981
136
612
743
362
995
119
767
829
717
425
624
388
392
913
259
923
363
524
829
387
256
819
910
689
601
306
368
740
719
813
743
804
630
268
904
217
483
685
332
417
584
431
832
704
888
712
880
630
383
730
806
969
704
809
629
623
607
662
773
235
394
515
934
630
958
729
336
143
292
767
927
386
887
632
725
251
302
623
876
807
611
571
777
982
960
796
783
856
444
362
947
240
977
159
382
388
133
666
557
1
2
3
4
5
6
7
8
9
10